read_acc, length, #covered, %coverage
sim_rand_0, 198, 198, 100
sim_rand_1, 182, 180, 98.9010989010989
sim_rand_2, 196, 196, 100
sim_rand_3, 187, 183, 97.86096256684492
sim_rand_4, 213, 213, 100
sim_rand_5, 197, 197, 100
sim_rand_6, 176, 169, 96.02272727272727
sim_rand_7, 178, 171, 96.06741573033707
sim_rand_8, 207, 207, 100
sim_rand_9, 191, 191, 100
sim_rand_10, 189, 179, 94.70899470899471
sim_rand_11, 209, 209, 100
sim_rand_12, 195, 194, 99.48717948717949
sim_rand_13, 185, 185, 100
sim_rand_14, 187, 182, 97.32620320855615
sim_rand_15, 183, 183, 100
sim_rand_16, 183, 183, 100
sim_rand_17, 188, 188, 100
sim_rand_18, 199, 199, 100
sim_rand_19, 212, 212, 100
sim_rand_20, 191, 191, 100
sim_rand_21, 199, 198, 99.49748743718592
sim_rand_22, 204, 200, 98.0392156862745
sim_rand_23, 207, 201, 97.10144927536231
sim_rand_24, 187, 185, 98.93048128342245
sim_rand_25, 193, 193, 100
sim_rand_26, 194, 194, 100
sim_rand_27, 189, 189, 100
sim_rand_28, 210, 206, 98.09523809523809
sim_rand_29, 192, 191, 99.47916666666666
sim_rand_30, 202, 202, 100
sim_rand_31, 186, 186, 100
sim_rand_32, 209, 209, 100
sim_rand_33, 190, 189, 99.47368421052632
sim_rand_34, 173, 169, 97.6878612716763
sim_rand_35, 194, 194, 100
sim_rand_36, 207, 202, 97.58454106280193
sim_rand_37, 205, 197, 96.09756097560975
sim_rand_38, 182, 182, 100
sim_rand_39, 207, 205, 99.03381642512076
sim_rand_40, 222, 222, 100
sim_rand_41, 178, 177, 99.43820224719101
sim_rand_42, 206, 206, 100
sim_rand_43, 194, 183, 94.3298969072165
sim_rand_44, 222, 219, 98.64864864864865
sim_rand_45, 181, 180, 99.4475138121547
sim_rand_46, 214, 214, 100
sim_rand_47, 198, 198, 100
sim_rand_48, 204, 203, 99.50980392156863
sim_rand_49, 173, 170, 98.26589595375722
sim_rand_50, 203, 202, 99.50738916256158
sim_rand_51, 224, 224, 100
sim_rand_52, 199, 199, 100
sim_rand_53, 186, 186, 100
sim_rand_54, 193, 193, 100
sim_rand_55, 196, 196, 100
sim_rand_56, 180, 178, 98.88888888888889
sim_rand_57, 186, 186, 100
sim_rand_58, 214, 208, 97.19626168224299
sim_rand_59, 208, 207, 99.51923076923077
sim_rand_60, 196, 196, 100
sim_rand_61, 201, 201, 100
sim_rand_62, 188, 182, 96.80851063829788
sim_rand_63, 207, 207, 100
sim_rand_64, 197, 195, 98.98477157360406
sim_rand_65, 205, 199, 97.07317073170731
sim_rand_66, 204, 204, 100
sim_rand_67, 184, 182, 98.91304347826086
sim_rand_68, 204, 204, 100
sim_rand_69, 209, 209, 100
sim_rand_70, 177, 177, 100
sim_rand_71, 210, 209, 99.52380952380952
sim_rand_72, 188, 188, 100
sim_rand_73, 204, 199, 97.54901960784314
sim_rand_74, 207, 207, 100
sim_rand_75, 213, 211, 99.06103286384976
sim_rand_76, 190, 190, 100
sim_rand_77, 191, 191, 100
sim_rand_78, 206, 204, 99.02912621359224
sim_rand_79, 189, 183, 96.82539682539682
sim_rand_80, 205, 205, 100
sim_rand_81, 201, 201, 100
sim_rand_82, 193, 193, 100
sim_rand_83, 183, 183, 100
sim_rand_84, 217, 210, 96.7741935483871
sim_rand_85, 196, 189, 96.42857142857143
sim_rand_86, 190, 189, 99.47368421052632
sim_rand_87, 222, 222, 100
sim_rand_88, 189, 189, 100
sim_rand_89, 208, 207, 99.51923076923077
sim_rand_90, 211, 211, 100
sim_rand_91, 198, 198, 100
sim_rand_92, 189, 185, 97.88359788359789
sim_rand_93, 192, 190, 98.95833333333334
sim_rand_94, 212, 211, 99.52830188679245
sim_rand_95, 199, 193, 96.98492462311557
sim_rand_96, 192, 190, 98.95833333333334
sim_rand_97, 181, 179, 98.89502762430939
sim_rand_98, 200, 200, 100
sim_rand_99, 184, 183, 99.45652173913044
sim_rand_100, 198, 198, 100
sim_rand_101, 200, 195, 97.5
sim_rand_102, 217, 210, 96.7741935483871
sim_rand_103, 204, 204, 100
sim_rand_104, 199, 199, 100
sim_rand_105, 216, 211, 97.68518518518519
sim_rand_106, 200, 193, 96.5
sim_rand_107, 198, 198, 100
sim_rand_108, 196, 186, 94.89795918367348
sim_rand_109, 173, 173, 100
sim_rand_110, 204, 204, 100
sim_rand_111, 202, 189, 93.56435643564357
sim_rand_112, 201, 200, 99.50248756218906
sim_rand_113, 198, 198, 100
sim_rand_114, 196, 185, 94.38775510204081
sim_rand_115, 205, 202, 98.53658536585365
sim_rand_116, 197, 197, 100
sim_rand_117, 197, 197, 100
sim_rand_118, 185, 169, 91.35135135135135
sim_rand_119, 202, 202, 100
sim_rand_120, 203, 203, 100
sim_rand_121, 186, 186, 100
sim_rand_122, 204, 204, 100
sim_rand_123, 221, 220, 99.5475113122172
sim_rand_124, 199, 198, 99.49748743718592
sim_rand_125, 209, 208, 99.52153110047847
sim_rand_126, 212, 211, 99.52830188679245
sim_rand_127, 199, 198, 99.49748743718592
sim_rand_128, 194, 187, 96.3917525773196
sim_rand_129, 172, 172, 100
sim_rand_130, 200, 200, 100
sim_rand_131, 196, 196, 100
sim_rand_132, 197, 197, 100
sim_rand_133, 215, 215, 100
sim_rand_134, 194, 193, 99.48453608247422
sim_rand_135, 189, 189, 100
sim_rand_136, 210, 198, 94.28571428571428
sim_rand_137, 197, 193, 97.96954314720813
sim_rand_138, 184, 184, 100
sim_rand_139, 185, 185, 100
sim_rand_140, 183, 183, 100
sim_rand_141, 199, 198, 99.49748743718592
sim_rand_142, 201, 200, 99.50248756218906
sim_rand_143, 199, 199, 100
sim_rand_144, 199, 195, 97.98994974874373
sim_rand_145, 200, 198, 99
sim_rand_146, 206, 206, 100
sim_rand_147, 193, 192, 99.48186528497409
sim_rand_148, 209, 209, 100
sim_rand_149, 211, 211, 100
sim_rand_150, 200, 200, 100
sim_rand_151, 224, 224, 100
sim_rand_152, 200, 200, 100
sim_rand_153, 207, 199, 96.1352657004831
sim_rand_154, 210, 201, 95.71428571428572
sim_rand_155, 209, 209, 100
sim_rand_156, 202, 202, 100
sim_rand_157, 199, 197, 98.99497487437185
sim_rand_158, 211, 211, 100
sim_rand_159, 204, 203, 99.50980392156863
sim_rand_160, 206, 206, 100
sim_rand_161, 192, 189, 98.4375
sim_rand_162, 208, 208, 100
sim_rand_163, 199, 185, 92.96482412060301
sim_rand_164, 185, 183, 98.91891891891892
sim_rand_165, 211, 210, 99.52606635071089
sim_rand_166, 208, 208, 100
sim_rand_167, 193, 192, 99.48186528497409
sim_rand_168, 217, 206, 94.93087557603687
sim_rand_169, 191, 191, 100
sim_rand_170, 206, 206, 100
sim_rand_171, 176, 168, 95.45454545454545
sim_rand_172, 190, 190, 100
sim_rand_173, 216, 216, 100
sim_rand_174, 206, 206, 100
sim_rand_175, 195, 190, 97.43589743589743
sim_rand_176, 201, 200, 99.50248756218906
sim_rand_177, 217, 217, 100
sim_rand_178, 193, 192, 99.48186528497409
sim_rand_179, 216, 216, 100
sim_rand_180, 232, 232, 100
sim_rand_181, 189, 189, 100
sim_rand_182, 195, 195, 100
sim_rand_183, 195, 195, 100
sim_rand_184, 191, 191, 100
sim_rand_185, 201, 200, 99.50248756218906
sim_rand_186, 211, 209, 99.0521327014218
sim_rand_187, 204, 204, 100
sim_rand_188, 195, 194, 99.48717948717949
sim_rand_189, 211, 210, 99.52606635071089
sim_rand_190, 210, 209, 99.52380952380952
sim_rand_191, 195, 192, 98.46153846153847
sim_rand_192, 194, 185, 95.36082474226805
sim_rand_193, 201, 200, 99.50248756218906
sim_rand_194, 207, 206, 99.51690821256038
sim_rand_195, 198, 198, 100
sim_rand_196, 185, 185, 100
sim_rand_197, 193, 193, 100
sim_rand_198, 205, 205, 100
sim_rand_199, 178, 175, 98.31460674157303
sim_rand_200, 199, 194, 97.48743718592965
sim_rand_201, 190, 187, 98.42105263157895
sim_rand_202, 189, 188, 99.47089947089947
sim_rand_203, 217, 217, 100
sim_rand_204, 198, 198, 100
sim_rand_205, 185, 185, 100
sim_rand_206, 179, 179, 100
sim_rand_207, 203, 200, 98.52216748768473
sim_rand_208, 177, 177, 100
sim_rand_209, 187, 186, 99.46524064171123
sim_rand_210, 195, 195, 100
sim_rand_211, 208, 207, 99.51923076923077
sim_rand_212, 197, 192, 97.46192893401016
sim_rand_213, 202, 202, 100
sim_rand_214, 184, 184, 100
sim_rand_215, 196, 192, 97.95918367346938
sim_rand_216, 199, 195, 97.98994974874373
sim_rand_217, 188, 188, 100
sim_rand_218, 203, 203, 100
sim_rand_219, 218, 218, 100
sim_rand_220, 196, 188, 95.91836734693877
sim_rand_221, 206, 205, 99.51456310679612
sim_rand_222, 209, 206, 98.56459330143541
sim_rand_223, 214, 214, 100
sim_rand_224, 212, 212, 100
sim_rand_225, 190, 187, 98.42105263157895
sim_rand_226, 195, 186, 95.38461538461539
sim_rand_227, 184, 184, 100
sim_rand_228, 205, 202, 98.53658536585365
sim_rand_229, 195, 195, 100
sim_rand_230, 183, 177, 96.72131147540983
sim_rand_231, 201, 200, 99.50248756218906
sim_rand_232, 214, 211, 98.5981308411215
sim_rand_233, 206, 199, 96.60194174757282
sim_rand_234, 196, 195, 99.48979591836735
sim_rand_235, 194, 191, 98.4536082474227
sim_rand_236, 196, 195, 99.48979591836735
sim_rand_237, 175, 170, 97.14285714285714
sim_rand_238, 188, 186, 98.93617021276596
sim_rand_239, 183, 183, 100
sim_rand_240, 179, 179, 100
sim_rand_241, 198, 198, 100
sim_rand_242, 209, 206, 98.56459330143541
sim_rand_243, 209, 209, 100
sim_rand_244, 180, 180, 100
sim_rand_245, 197, 196, 99.49238578680203
sim_rand_246, 189, 189, 100
sim_rand_247, 189, 189, 100
sim_rand_248, 182, 182, 100
sim_rand_249, 198, 198, 100
sim_rand_250, 182, 181, 99.45054945054946
sim_rand_251, 214, 213, 99.53271028037383
sim_rand_252, 194, 194, 100
sim_rand_253, 188, 183, 97.3404255319149
sim_rand_254, 213, 212, 99.53051643192488
sim_rand_255, 191, 191, 100
sim_rand_256, 209, 209, 100
sim_rand_257, 209, 209, 100
sim_rand_258, 185, 185, 100
sim_rand_259, 197, 196, 99.49238578680203
sim_rand_260, 186, 171, 91.93548387096774
sim_rand_261, 196, 196, 100
sim_rand_262, 189, 181, 95.76719576719577
sim_rand_263, 196, 195, 99.48979591836735
sim_rand_264, 206, 206, 100
sim_rand_265, 189, 189, 100
sim_rand_266, 197, 191, 96.95431472081218
sim_rand_267, 198, 198, 100
sim_rand_268, 211, 210, 99.52606635071089
sim_rand_269, 198, 195, 98.48484848484848
sim_rand_270, 206, 203, 98.54368932038835
sim_rand_271, 192, 192, 100
sim_rand_272, 202, 202, 100
sim_rand_273, 195, 183, 93.84615384615384
sim_rand_274, 209, 208, 99.52153110047847
sim_rand_275, 187, 177, 94.6524064171123
sim_rand_276, 194, 194, 100
sim_rand_277, 197, 197, 100
sim_rand_278, 195, 192, 98.46153846153847
sim_rand_279, 195, 187, 95.8974358974359
sim_rand_280, 193, 192, 99.48186528497409
sim_rand_281, 184, 184, 100
sim_rand_282, 204, 202, 99.01960784313727
sim_rand_283, 216, 205, 94.9074074074074
sim_rand_284, 183, 183, 100
sim_rand_285, 201, 201, 100
sim_rand_286, 208, 208, 100
sim_rand_287, 218, 217, 99.54128440366972
sim_rand_288, 196, 196, 100
sim_rand_289, 196, 192, 97.95918367346938
sim_rand_290, 211, 207, 98.10426540284361
sim_rand_291, 183, 180, 98.36065573770492
sim_rand_292, 216, 216, 100
sim_rand_293, 200, 200, 100
sim_rand_294, 206, 206, 100
sim_rand_295, 208, 207, 99.51923076923077
sim_rand_296, 211, 211, 100
sim_rand_297, 179, 179, 100
sim_rand_298, 177, 167, 94.35028248587571
sim_rand_299, 191, 191, 100
sim_rand_300, 184, 182, 98.91304347826086
sim_rand_301, 222, 214, 96.3963963963964
sim_rand_302, 201, 201, 100
sim_rand_303, 202, 202, 100
sim_rand_304, 196, 193, 98.46938775510205
sim_rand_305, 199, 199, 100
sim_rand_306, 182, 182, 100
sim_rand_307, 173, 169, 97.6878612716763
sim_rand_308, 200, 200, 100
sim_rand_309, 190, 187, 98.42105263157895
sim_rand_310, 186, 186, 100
sim_rand_311, 205, 201, 98.04878048780488
sim_rand_312, 195, 195, 100
sim_rand_313, 196, 186, 94.89795918367348
sim_rand_314, 200, 200, 100
sim_rand_315, 197, 190, 96.44670050761421
sim_rand_316, 180, 180, 100
sim_rand_317, 192, 186, 96.875
sim_rand_318, 205, 203, 99.02439024390245
sim_rand_319, 205, 204, 99.51219512195122
sim_rand_320, 200, 188, 94
sim_rand_321, 208, 207, 99.51923076923077
sim_rand_322, 209, 209, 100
sim_rand_323, 190, 190, 100
sim_rand_324, 205, 201, 98.04878048780488
sim_rand_325, 197, 189, 95.93908629441624
sim_rand_326, 202, 195, 96.53465346534654
sim_rand_327, 188, 188, 100
sim_rand_328, 205, 205, 100
sim_rand_329, 198, 198, 100
sim_rand_330, 215, 215, 100
sim_rand_331, 187, 186, 99.46524064171123
sim_rand_332, 195, 195, 100
sim_rand_333, 203, 203, 100
sim_rand_334, 168, 168, 100
sim_rand_335, 201, 201, 100
sim_rand_336, 190, 190, 100
sim_rand_337, 217, 206, 94.93087557603687
sim_rand_338, 185, 185, 100
sim_rand_339, 194, 193, 99.48453608247422
sim_rand_340, 197, 197, 100
sim_rand_341, 173, 173, 100
sim_rand_342, 187, 185, 98.93048128342245
sim_rand_343, 200, 200, 100
sim_rand_344, 194, 193, 99.48453608247422
sim_rand_345, 204, 204, 100
sim_rand_346, 193, 182, 94.30051813471503
sim_rand_347, 192, 180, 93.75
sim_rand_348, 204, 204, 100
sim_rand_349, 214, 214, 100
sim_rand_350, 194, 193, 99.48453608247422
sim_rand_351, 190, 185, 97.36842105263158
sim_rand_352, 176, 168, 95.45454545454545
sim_rand_353, 202, 202, 100
sim_rand_354, 209, 209, 100
sim_rand_355, 204, 204, 100
sim_rand_356, 209, 209, 100
sim_rand_357, 183, 169, 92.34972677595628
sim_rand_358, 190, 188, 98.94736842105263
sim_rand_359, 206, 206, 100
sim_rand_360, 214, 214, 100
sim_rand_361, 187, 187, 100
sim_rand_362, 201, 196, 97.51243781094527
sim_rand_363, 193, 192, 99.48186528497409
sim_rand_364, 209, 209, 100
sim_rand_365, 201, 201, 100
sim_rand_366, 216, 216, 100
sim_rand_367, 212, 205, 96.69811320754717
sim_rand_368, 219, 216, 98.63013698630137
sim_rand_369, 222, 222, 100
sim_rand_370, 205, 205, 100
sim_rand_371, 179, 179, 100
sim_rand_372, 196, 196, 100
sim_rand_373, 207, 206, 99.51690821256038
sim_rand_374, 216, 213, 98.61111111111111
sim_rand_375, 197, 196, 99.49238578680203
sim_rand_376, 202, 201, 99.5049504950495
sim_rand_377, 185, 185, 100
sim_rand_378, 218, 218, 100
sim_rand_379, 202, 201, 99.5049504950495
sim_rand_380, 196, 196, 100
sim_rand_381, 183, 171, 93.44262295081968
sim_rand_382, 198, 191, 96.46464646464646
sim_rand_383, 182, 181, 99.45054945054946
sim_rand_384, 203, 196, 96.55172413793103
sim_rand_385, 210, 209, 99.52380952380952
sim_rand_386, 197, 197, 100
sim_rand_387, 199, 198, 99.49748743718592
sim_rand_388, 216, 216, 100
sim_rand_389, 202, 191, 94.55445544554455
sim_rand_390, 200, 200, 100
sim_rand_391, 189, 189, 100
sim_rand_392, 199, 199, 100
sim_rand_393, 180, 180, 100
sim_rand_394, 201, 200, 99.50248756218906
sim_rand_395, 194, 194, 100
sim_rand_396, 200, 196, 98
sim_rand_397, 205, 205, 100
sim_rand_398, 188, 188, 100
sim_rand_399, 211, 211, 100
sim_rand_400, 196, 196, 100
sim_rand_401, 180, 180, 100
sim_rand_402, 194, 194, 100
sim_rand_403, 205, 204, 99.51219512195122
sim_rand_404, 216, 215, 99.53703703703704
sim_rand_405, 193, 193, 100
sim_rand_406, 204, 193, 94.6078431372549
sim_rand_407, 188, 188, 100
sim_rand_408, 177, 177, 100
sim_rand_409, 192, 191, 99.47916666666666
sim_rand_410, 204, 202, 99.01960784313727
sim_rand_411, 180, 174, 96.66666666666667
sim_rand_412, 190, 190, 100
sim_rand_413, 195, 193, 98.97435897435898
sim_rand_414, 178, 172, 96.62921348314607
sim_rand_415, 195, 191, 97.94871794871794
sim_rand_416, 214, 213, 99.53271028037383
sim_rand_417, 180, 170, 94.44444444444444
sim_rand_418, 190, 189, 99.47368421052632
sim_rand_419, 186, 185, 99.46236559139786
sim_rand_420, 193, 193, 100
sim_rand_421, 210, 210, 100
sim_rand_422, 196, 196, 100
sim_rand_423, 176, 176, 100
sim_rand_424, 193, 192, 99.48186528497409
sim_rand_425, 200, 196, 98
sim_rand_426, 201, 200, 99.50248756218906
sim_rand_427, 214, 213, 99.53271028037383
sim_rand_428, 204, 198, 97.05882352941177
sim_rand_429, 200, 192, 96
sim_rand_430, 181, 178, 98.34254143646409
sim_rand_431, 182, 175, 96.15384615384616
sim_rand_432, 197, 197, 100
sim_rand_433, 205, 205, 100
sim_rand_434, 205, 201, 98.04878048780488
sim_rand_435, 217, 217, 100
sim_rand_436, 214, 214, 100
sim_rand_437, 175, 173, 98.85714285714286
sim_rand_438, 180, 180, 100
sim_rand_439, 178, 178, 100
sim_rand_440, 190, 190, 100
sim_rand_441, 186, 185, 99.46236559139786
sim_rand_442, 177, 177, 100
sim_rand_443, 194, 192, 98.96907216494846
sim_rand_444, 210, 210, 100
sim_rand_445, 192, 192, 100
sim_rand_446, 211, 208, 98.5781990521327
sim_rand_447, 189, 189, 100
sim_rand_448, 187, 187, 100
sim_rand_449, 193, 192, 99.48186528497409
sim_rand_450, 197, 196, 99.49238578680203
sim_rand_451, 186, 186, 100
sim_rand_452, 198, 198, 100
sim_rand_453, 207, 204, 98.55072463768117
sim_rand_454, 182, 182, 100
sim_rand_455, 213, 211, 99.06103286384976
sim_rand_456, 190, 190, 100
sim_rand_457, 204, 204, 100
sim_rand_458, 193, 193, 100
sim_rand_459, 185, 184, 99.45945945945947
sim_rand_460, 172, 168, 97.67441860465115
sim_rand_461, 199, 199, 100
sim_rand_462, 179, 171, 95.53072625698324
sim_rand_463, 218, 208, 95.41284403669725
sim_rand_464, 201, 201, 100
sim_rand_465, 198, 198, 100
sim_rand_466, 190, 177, 93.15789473684211
sim_rand_467, 219, 218, 99.54337899543378
sim_rand_468, 188, 184, 97.87234042553192
sim_rand_469, 200, 196, 98
sim_rand_470, 179, 179, 100
sim_rand_471, 205, 205, 100
sim_rand_472, 205, 201, 98.04878048780488
sim_rand_473, 203, 203, 100
sim_rand_474, 195, 195, 100
sim_rand_475, 202, 201, 99.5049504950495
sim_rand_476, 182, 178, 97.8021978021978
sim_rand_477, 208, 208, 100
sim_rand_478, 198, 197, 99.4949494949495
sim_rand_479, 184, 182, 98.91304347826086
sim_rand_480, 198, 198, 100
sim_rand_481, 198, 193, 97.47474747474747
sim_rand_482, 205, 205, 100
sim_rand_483, 191, 191, 100
sim_rand_484, 180, 180, 100
sim_rand_485, 183, 178, 97.26775956284153
sim_rand_486, 180, 180, 100
sim_rand_487, 201, 200, 99.50248756218906
sim_rand_488, 193, 192, 99.48186528497409
sim_rand_489, 188, 186, 98.93617021276596
sim_rand_490, 191, 191, 100
sim_rand_491, 208, 208, 100
sim_rand_492, 216, 215, 99.53703703703704
sim_rand_493, 172, 172, 100
sim_rand_494, 189, 176, 93.12169312169311
sim_rand_495, 188, 188, 100
sim_rand_496, 201, 201, 100
sim_rand_497, 196, 196, 100
sim_rand_498, 185, 182, 98.37837837837839
sim_rand_499, 207, 207, 100
sim_rand_500, 190, 190, 100
sim_rand_501, 186, 186, 100
sim_rand_502, 185, 185, 100
sim_rand_503, 176, 174, 98.86363636363636
sim_rand_504, 191, 187, 97.90575916230367
sim_rand_505, 195, 195, 100
sim_rand_506, 183, 182, 99.4535519125683
sim_rand_507, 204, 201, 98.52941176470588
sim_rand_508, 198, 198, 100
sim_rand_509, 197, 192, 97.46192893401016
sim_rand_510, 196, 196, 100
sim_rand_511, 183, 174, 95.08196721311475
sim_rand_512, 181, 179, 98.89502762430939
sim_rand_513, 175, 170, 97.14285714285714
sim_rand_514, 190, 190, 100
sim_rand_515, 194, 189, 97.42268041237114
sim_rand_516, 211, 211, 100
sim_rand_517, 190, 190, 100
sim_rand_518, 210, 206, 98.09523809523809
sim_rand_519, 186, 184, 98.9247311827957
sim_rand_520, 190, 187, 98.42105263157895
sim_rand_521, 195, 195, 100
sim_rand_522, 196, 193, 98.46938775510205
sim_rand_523, 193, 193, 100
sim_rand_524, 200, 199, 99.5
sim_rand_525, 180, 179, 99.44444444444444
sim_rand_526, 206, 203, 98.54368932038835
sim_rand_527, 190, 190, 100
sim_rand_528, 211, 211, 100
sim_rand_529, 189, 188, 99.47089947089947
sim_rand_530, 198, 198, 100
sim_rand_531, 195, 194, 99.48717948717949
sim_rand_532, 192, 192, 100
sim_rand_533, 200, 199, 99.5
sim_rand_534, 211, 202, 95.73459715639811
sim_rand_535, 201, 201, 100
sim_rand_536, 198, 192, 96.96969696969697
sim_rand_537, 204, 200, 98.0392156862745
sim_rand_538, 194, 183, 94.3298969072165
sim_rand_539, 201, 201, 100
sim_rand_540, 197, 197, 100
sim_rand_541, 207, 203, 98.06763285024155
sim_rand_542, 207, 207, 100
sim_rand_543, 166, 166, 100
sim_rand_544, 203, 196, 96.55172413793103
sim_rand_545, 197, 196, 99.49238578680203
sim_rand_546, 203, 203, 100
sim_rand_547, 202, 200, 99.00990099009901
sim_rand_548, 188, 188, 100
sim_rand_549, 187, 187, 100
sim_rand_550, 191, 181, 94.76439790575915
sim_rand_551, 195, 195, 100
sim_rand_552, 210, 202, 96.19047619047619
sim_rand_553, 194, 194, 100
sim_rand_554, 208, 208, 100
sim_rand_555, 207, 207, 100
sim_rand_556, 206, 206, 100
sim_rand_557, 197, 196, 99.49238578680203
sim_rand_558, 160, 157, 98.125
sim_rand_559, 219, 219, 100
sim_rand_560, 207, 207, 100
sim_rand_561, 190, 189, 99.47368421052632
sim_rand_562, 196, 196, 100
sim_rand_563, 206, 203, 98.54368932038835
sim_rand_564, 200, 191, 95.5
sim_rand_565, 199, 198, 99.49748743718592
sim_rand_566, 192, 186, 96.875
sim_rand_567, 191, 191, 100
sim_rand_568, 202, 200, 99.00990099009901
sim_rand_569, 182, 172, 94.5054945054945
sim_rand_570, 194, 194, 100
sim_rand_571, 212, 212, 100
sim_rand_572, 198, 186, 93.93939393939394
sim_rand_573, 208, 207, 99.51923076923077
sim_rand_574, 207, 207, 100
sim_rand_575, 184, 184, 100
sim_rand_576, 202, 202, 100
sim_rand_577, 205, 205, 100
sim_rand_578, 186, 178, 95.6989247311828
sim_rand_579, 201, 198, 98.50746268656717
sim_rand_580, 211, 204, 96.6824644549763
sim_rand_581, 204, 197, 96.56862745098039
sim_rand_582, 190, 190, 100
sim_rand_583, 196, 196, 100
sim_rand_584, 197, 193, 97.96954314720813
sim_rand_585, 198, 198, 100
sim_rand_586, 208, 207, 99.51923076923077
sim_rand_587, 211, 211, 100
sim_rand_588, 191, 191, 100
sim_rand_589, 209, 208, 99.52153110047847
sim_rand_590, 203, 203, 100
sim_rand_591, 184, 182, 98.91304347826086
sim_rand_592, 208, 208, 100
sim_rand_593, 195, 195, 100
sim_rand_594, 188, 188, 100
sim_rand_595, 201, 201, 100
sim_rand_596, 182, 173, 95.05494505494505
sim_rand_597, 189, 181, 95.76719576719577
sim_rand_598, 188, 187, 99.46808510638297
sim_rand_599, 205, 205, 100
sim_rand_600, 203, 202, 99.50738916256158
sim_rand_601, 186, 181, 97.31182795698925
sim_rand_602, 199, 199, 100
sim_rand_603, 174, 163, 93.67816091954023
sim_rand_604, 230, 224, 97.3913043478261
sim_rand_605, 210, 209, 99.52380952380952
sim_rand_606, 200, 200, 100
sim_rand_607, 207, 203, 98.06763285024155
sim_rand_608, 199, 199, 100
sim_rand_609, 212, 197, 92.9245283018868
sim_rand_610, 203, 202, 99.50738916256158
sim_rand_611, 213, 213, 100
sim_rand_612, 175, 167, 95.42857142857143
sim_rand_613, 199, 198, 99.49748743718592
sim_rand_614, 195, 195, 100
sim_rand_615, 199, 199, 100
sim_rand_616, 196, 195, 99.48979591836735
sim_rand_617, 209, 209, 100
sim_rand_618, 188, 186, 98.93617021276596
sim_rand_619, 188, 180, 95.74468085106383
sim_rand_620, 200, 200, 100
sim_rand_621, 201, 201, 100
sim_rand_622, 214, 213, 99.53271028037383
sim_rand_623, 204, 194, 95.09803921568627
sim_rand_624, 188, 187, 99.46808510638297
sim_rand_625, 189, 189, 100
sim_rand_626, 194, 194, 100
sim_rand_627, 192, 192, 100
sim_rand_628, 214, 214, 100
sim_rand_629, 199, 199, 100
sim_rand_630, 195, 194, 99.48717948717949
sim_rand_631, 199, 199, 100
sim_rand_632, 192, 192, 100
sim_rand_633, 201, 200, 99.50248756218906
sim_rand_634, 212, 206, 97.16981132075472
sim_rand_635, 177, 177, 100
sim_rand_636, 166, 166, 100
sim_rand_637, 187, 187, 100
sim_rand_638, 205, 204, 99.51219512195122
sim_rand_639, 187, 187, 100
sim_rand_640, 213, 213, 100
sim_rand_641, 200, 200, 100
sim_rand_642, 175, 175, 100
sim_rand_643, 194, 194, 100
sim_rand_644, 179, 179, 100
sim_rand_645, 209, 209, 100
sim_rand_646, 199, 199, 100
sim_rand_647, 201, 196, 97.51243781094527
sim_rand_648, 219, 207, 94.52054794520548
sim_rand_649, 213, 213, 100
sim_rand_650, 218, 209, 95.87155963302753
sim_rand_651, 209, 203, 97.1291866028708
sim_rand_652, 198, 198, 100
sim_rand_653, 200, 199, 99.5
sim_rand_654, 203, 200, 98.52216748768473
sim_rand_655, 192, 188, 97.91666666666666
sim_rand_656, 188, 188, 100
sim_rand_657, 198, 198, 100
sim_rand_658, 200, 194, 97
sim_rand_659, 190, 190, 100
sim_rand_660, 196, 189, 96.42857142857143
sim_rand_661, 196, 196, 100
sim_rand_662, 199, 195, 97.98994974874373
sim_rand_663, 201, 201, 100
sim_rand_664, 173, 170, 98.26589595375722
sim_rand_665, 220, 220, 100
sim_rand_666, 206, 206, 100
sim_rand_667, 206, 205, 99.51456310679612
sim_rand_668, 186, 186, 100
sim_rand_669, 180, 167, 92.77777777777779
sim_rand_670, 222, 222, 100
sim_rand_671, 201, 201, 100
sim_rand_672, 201, 198, 98.50746268656717
sim_rand_673, 212, 212, 100
sim_rand_674, 199, 199, 100
sim_rand_675, 178, 176, 98.87640449438202
sim_rand_676, 199, 199, 100
sim_rand_677, 194, 194, 100
sim_rand_678, 205, 205, 100
sim_rand_679, 179, 170, 94.97206703910615
sim_rand_680, 196, 196, 100
sim_rand_681, 190, 190, 100
sim_rand_682, 203, 188, 92.61083743842364
sim_rand_683, 204, 204, 100
sim_rand_684, 207, 200, 96.61835748792271
sim_rand_685, 210, 210, 100
sim_rand_686, 187, 177, 94.6524064171123
sim_rand_687, 210, 208, 99.04761904761905
sim_rand_688, 191, 190, 99.47643979057592
sim_rand_689, 175, 173, 98.85714285714286
sim_rand_690, 195, 194, 99.48717948717949
sim_rand_691, 184, 183, 99.45652173913044
sim_rand_692, 220, 218, 99.0909090909091
sim_rand_693, 191, 191, 100
sim_rand_694, 208, 208, 100
sim_rand_695, 199, 199, 100
sim_rand_696, 193, 193, 100
sim_rand_697, 219, 219, 100
sim_rand_698, 205, 204, 99.51219512195122
sim_rand_699, 184, 183, 99.45652173913044
sim_rand_700, 206, 204, 99.02912621359224
sim_rand_701, 199, 199, 100
sim_rand_702, 224, 222, 99.10714285714286
sim_rand_703, 215, 214, 99.53488372093024
sim_rand_704, 198, 198, 100
sim_rand_705, 197, 195, 98.98477157360406
sim_rand_706, 190, 190, 100
sim_rand_707, 177, 177, 100
sim_rand_708, 194, 194, 100
sim_rand_709, 192, 192, 100
sim_rand_710, 186, 178, 95.6989247311828
sim_rand_711, 209, 209, 100
sim_rand_712, 192, 192, 100
sim_rand_713, 188, 185, 98.40425531914893
sim_rand_714, 194, 190, 97.9381443298969
sim_rand_715, 202, 200, 99.00990099009901
sim_rand_716, 183, 173, 94.53551912568307
sim_rand_717, 209, 209, 100
sim_rand_718, 178, 178, 100
sim_rand_719, 221, 221, 100
sim_rand_720, 226, 218, 96.46017699115043
sim_rand_721, 193, 190, 98.44559585492227
sim_rand_722, 203, 202, 99.50738916256158
sim_rand_723, 183, 182, 99.4535519125683
sim_rand_724, 201, 200, 99.50248756218906
sim_rand_725, 192, 192, 100
sim_rand_726, 181, 181, 100
sim_rand_727, 205, 202, 98.53658536585365
sim_rand_728, 193, 193, 100
sim_rand_729, 200, 198, 99
sim_rand_730, 197, 196, 99.49238578680203
sim_rand_731, 198, 198, 100
sim_rand_732, 200, 200, 100
sim_rand_733, 190, 187, 98.42105263157895
sim_rand_734, 196, 194, 98.9795918367347
sim_rand_735, 207, 207, 100
sim_rand_736, 192, 190, 98.95833333333334
sim_rand_737, 198, 198, 100
sim_rand_738, 178, 174, 97.75280898876404
sim_rand_739, 185, 185, 100
sim_rand_740, 212, 212, 100
sim_rand_741, 196, 195, 99.48979591836735
sim_rand_742, 202, 187, 92.57425742574257
sim_rand_743, 185, 185, 100
sim_rand_744, 185, 185, 100
sim_rand_745, 205, 205, 100
sim_rand_746, 208, 207, 99.51923076923077
sim_rand_747, 197, 197, 100
sim_rand_748, 196, 196, 100
sim_rand_749, 198, 198, 100
sim_rand_750, 198, 198, 100
sim_rand_751, 178, 171, 96.06741573033707
sim_rand_752, 206, 206, 100
sim_rand_753, 191, 191, 100
sim_rand_754, 225, 224, 99.55555555555556
sim_rand_755, 196, 196, 100
sim_rand_756, 179, 179, 100
sim_rand_757, 197, 186, 94.41624365482234
sim_rand_758, 199, 199, 100
sim_rand_759, 202, 202, 100
sim_rand_760, 214, 214, 100
sim_rand_761, 178, 177, 99.43820224719101
sim_rand_762, 197, 184, 93.4010152284264
sim_rand_763, 196, 193, 98.46938775510205
sim_rand_764, 191, 191, 100
sim_rand_765, 188, 182, 96.80851063829788
sim_rand_766, 201, 201, 100
sim_rand_767, 191, 191, 100
sim_rand_768, 210, 210, 100
sim_rand_769, 197, 197, 100
sim_rand_770, 220, 219, 99.54545454545455
sim_rand_771, 183, 183, 100
sim_rand_772, 178, 178, 100
sim_rand_773, 191, 190, 99.47643979057592
sim_rand_774, 207, 203, 98.06763285024155
sim_rand_775, 208, 208, 100
sim_rand_776, 199, 199, 100
sim_rand_777, 205, 205, 100
sim_rand_778, 217, 217, 100
sim_rand_779, 178, 172, 96.62921348314607
sim_rand_780, 197, 188, 95.43147208121827
sim_rand_781, 202, 202, 100
sim_rand_782, 174, 159, 91.37931034482759
sim_rand_783, 201, 201, 100
sim_rand_784, 206, 205, 99.51456310679612
sim_rand_785, 195, 191, 97.94871794871794
sim_rand_786, 198, 194, 97.97979797979798
sim_rand_787, 203, 202, 99.50738916256158
sim_rand_788, 215, 215, 100
sim_rand_789, 193, 193, 100
sim_rand_790, 191, 191, 100
sim_rand_791, 197, 193, 97.96954314720813
sim_rand_792, 188, 188, 100
sim_rand_793, 198, 198, 100
sim_rand_794, 191, 191, 100
sim_rand_795, 175, 174, 99.42857142857143
sim_rand_796, 189, 189, 100
sim_rand_797, 215, 210, 97.67441860465115
sim_rand_798, 195, 187, 95.8974358974359
sim_rand_799, 191, 191, 100
sim_rand_800, 197, 197, 100
sim_rand_801, 208, 207, 99.51923076923077
sim_rand_802, 187, 177, 94.6524064171123
sim_rand_803, 196, 183, 93.36734693877551
sim_rand_804, 201, 200, 99.50248756218906
sim_rand_805, 182, 182, 100
sim_rand_806, 188, 188, 100
sim_rand_807, 197, 197, 100
sim_rand_808, 218, 217, 99.54128440366972
sim_rand_809, 196, 196, 100
sim_rand_810, 220, 220, 100
sim_rand_811, 216, 212, 98.14814814814815
sim_rand_812, 203, 198, 97.53694581280789
sim_rand_813, 192, 178, 92.70833333333334
sim_rand_814, 189, 175, 92.5925925925926
sim_rand_815, 184, 178, 96.73913043478261
sim_rand_816, 175, 175, 100
sim_rand_817, 188, 188, 100
sim_rand_818, 199, 198, 99.49748743718592
sim_rand_819, 213, 213, 100
sim_rand_820, 178, 176, 98.87640449438202
sim_rand_821, 211, 203, 96.2085308056872
sim_rand_822, 198, 198, 100
sim_rand_823, 194, 194, 100
sim_rand_824, 197, 187, 94.9238578680203
sim_rand_825, 198, 189, 95.45454545454545
sim_rand_826, 205, 200, 97.5609756097561
sim_rand_827, 209, 209, 100
sim_rand_828, 199, 189, 94.9748743718593
sim_rand_829, 192, 187, 97.39583333333334
sim_rand_830, 174, 174, 100
sim_rand_831, 210, 210, 100
sim_rand_832, 195, 193, 98.97435897435898
sim_rand_833, 190, 189, 99.47368421052632
sim_rand_834, 191, 189, 98.95287958115183
sim_rand_835, 201, 201, 100
sim_rand_836, 186, 186, 100
sim_rand_837, 190, 189, 99.47368421052632
sim_rand_838, 191, 191, 100
sim_rand_839, 193, 189, 97.92746113989638
sim_rand_840, 193, 193, 100
sim_rand_841, 203, 198, 97.53694581280789
sim_rand_842, 195, 195, 100
sim_rand_843, 208, 202, 97.11538461538461
sim_rand_844, 205, 205, 100
sim_rand_845, 204, 204, 100
sim_rand_846, 190, 187, 98.42105263157895
sim_rand_847, 191, 191, 100
sim_rand_848, 185, 182, 98.37837837837839
sim_rand_849, 194, 194, 100
sim_rand_850, 185, 185, 100
sim_rand_851, 214, 210, 98.13084112149532
sim_rand_852, 196, 195, 99.48979591836735
sim_rand_853, 203, 203, 100
sim_rand_854, 192, 192, 100
sim_rand_855, 196, 191, 97.44897959183673
sim_rand_856, 204, 204, 100
sim_rand_857, 200, 191, 95.5
sim_rand_858, 191, 191, 100
sim_rand_859, 209, 196, 93.77990430622009
sim_rand_860, 189, 189, 100
sim_rand_861, 205, 203, 99.02439024390245
sim_rand_862, 194, 194, 100
sim_rand_863, 185, 179, 96.75675675675676
sim_rand_864, 191, 191, 100
sim_rand_865, 190, 181, 95.26315789473684
sim_rand_866, 212, 209, 98.58490566037736
sim_rand_867, 215, 215, 100
sim_rand_868, 197, 194, 98.47715736040608
sim_rand_869, 185, 185, 100
sim_rand_870, 200, 200, 100
sim_rand_871, 200, 199, 99.5
sim_rand_872, 204, 204, 100
sim_rand_873, 210, 209, 99.52380952380952
sim_rand_874, 210, 210, 100
sim_rand_875, 189, 187, 98.94179894179894
sim_rand_876, 193, 191, 98.96373056994818
sim_rand_877, 187, 175, 93.58288770053476
sim_rand_878, 205, 203, 99.02439024390245
sim_rand_879, 193, 193, 100
sim_rand_880, 193, 193, 100
sim_rand_881, 189, 189, 100
sim_rand_882, 187, 187, 100
sim_rand_883, 205, 204, 99.51219512195122
sim_rand_884, 202, 193, 95.54455445544554
sim_rand_885, 208, 207, 99.51923076923077
sim_rand_886, 176, 176, 100
sim_rand_887, 203, 203, 100
sim_rand_888, 194, 194, 100
sim_rand_889, 202, 202, 100
sim_rand_890, 192, 191, 99.47916666666666
sim_rand_891, 210, 210, 100
sim_rand_892, 214, 214, 100
sim_rand_893, 191, 176, 92.14659685863874
sim_rand_894, 193, 186, 96.37305699481865
sim_rand_895, 190, 190, 100
sim_rand_896, 214, 214, 100
sim_rand_897, 194, 194, 100
sim_rand_898, 188, 188, 100
sim_rand_899, 188, 179, 95.2127659574468
sim_rand_900, 190, 176, 92.63157894736842
sim_rand_901, 193, 193, 100
sim_rand_902, 200, 197, 98.5
sim_rand_903, 189, 189, 100
sim_rand_904, 211, 211, 100
sim_rand_905, 205, 191, 93.17073170731707
sim_rand_906, 182, 180, 98.9010989010989
sim_rand_907, 210, 209, 99.52380952380952
sim_rand_908, 197, 195, 98.98477157360406
sim_rand_909, 180, 180, 100
sim_rand_910, 185, 180, 97.2972972972973
sim_rand_911, 216, 213, 98.61111111111111
sim_rand_912, 191, 191, 100
sim_rand_913, 197, 197, 100
sim_rand_914, 188, 187, 99.46808510638297
sim_rand_915, 213, 206, 96.71361502347418
sim_rand_916, 201, 188, 93.53233830845771
sim_rand_917, 201, 201, 100
sim_rand_918, 192, 192, 100
sim_rand_919, 192, 192, 100
sim_rand_920, 188, 187, 99.46808510638297
sim_rand_921, 192, 192, 100
sim_rand_922, 209, 198, 94.73684210526315
sim_rand_923, 186, 185, 99.46236559139786
sim_rand_924, 178, 176, 98.87640449438202
sim_rand_925, 209, 208, 99.52153110047847
sim_rand_926, 205, 205, 100
sim_rand_927, 205, 205, 100
sim_rand_928, 208, 195, 93.75
sim_rand_929, 222, 222, 100
sim_rand_930, 213, 210, 98.59154929577466
sim_rand_931, 217, 213, 98.15668202764977
sim_rand_932, 197, 196, 99.49238578680203
sim_rand_933, 172, 165, 95.93023255813954
sim_rand_934, 210, 208, 99.04761904761905
sim_rand_935, 205, 204, 99.51219512195122
sim_rand_936, 195, 185, 94.87179487179486
sim_rand_937, 202, 202, 100
sim_rand_938, 191, 191, 100
sim_rand_939, 189, 189, 100
sim_rand_940, 200, 196, 98
sim_rand_941, 207, 207, 100
sim_rand_942, 204, 203, 99.50980392156863
sim_rand_943, 188, 188, 100
sim_rand_944, 191, 187, 97.90575916230367
sim_rand_945, 177, 167, 94.35028248587571
sim_rand_946, 193, 193, 100
sim_rand_947, 190, 190, 100
sim_rand_948, 213, 213, 100
sim_rand_949, 182, 182, 100
sim_rand_950, 193, 189, 97.92746113989638
sim_rand_951, 211, 210, 99.52606635071089
sim_rand_952, 184, 184, 100
sim_rand_953, 199, 199, 100
sim_rand_954, 208, 208, 100
sim_rand_955, 186, 184, 98.9247311827957
sim_rand_956, 194, 188, 96.90721649484536
sim_rand_957, 192, 192, 100
sim_rand_958, 184, 184, 100
sim_rand_959, 192, 192, 100
sim_rand_960, 220, 217, 98.63636363636363
sim_rand_961, 209, 201, 96.17224880382776
sim_rand_962, 205, 205, 100
sim_rand_963, 195, 195, 100
sim_rand_964, 208, 208, 100
sim_rand_965, 201, 201, 100
sim_rand_966, 178, 175, 98.31460674157303
sim_rand_967, 194, 183, 94.3298969072165
sim_rand_968, 205, 204, 99.51219512195122
sim_rand_969, 184, 184, 100
sim_rand_970, 192, 192, 100
sim_rand_971, 201, 201, 100
sim_rand_972, 205, 204, 99.51219512195122
sim_rand_973, 202, 202, 100
sim_rand_974, 202, 196, 97.02970297029702
sim_rand_975, 223, 223, 100
sim_rand_976, 222, 216, 97.2972972972973
sim_rand_977, 208, 205, 98.5576923076923
sim_rand_978, 203, 193, 95.07389162561576
sim_rand_979, 199, 198, 99.49748743718592
sim_rand_980, 192, 192, 100
sim_rand_981, 206, 206, 100
sim_rand_982, 200, 200, 100
sim_rand_983, 171, 171, 100
sim_rand_984, 205, 204, 99.51219512195122
sim_rand_985, 214, 212, 99.06542056074767
sim_rand_986, 180, 180, 100
sim_rand_987, 206, 204, 99.02912621359224
sim_rand_988, 191, 191, 100
sim_rand_989, 202, 202, 100
sim_rand_990, 203, 203, 100
sim_rand_991, 214, 213, 99.53271028037383
sim_rand_992, 189, 184, 97.35449735449735
sim_rand_993, 209, 209, 100
sim_rand_994, 203, 203, 100
sim_rand_995, 201, 201, 100
sim_rand_996, 209, 203, 97.1291866028708
sim_rand_997, 193, 187, 96.89119170984456
sim_rand_998, 209, 207, 99.04306220095694
sim_rand_999, 185, 185, 100
