read_acc, length, #covered, %coverage
sim_rand_1, 1000, 675, 67.5
sim_rand_2, 1000, 725, 72.5
sim_rand_3, 1000, 709, 70.89999999999999
sim_rand_4, 1000, 713, 71.3
sim_rand_5, 1000, 719, 71.89999999999999
sim_rand_6, 1000, 739, 73.9
sim_rand_7, 1000, 705, 70.5
sim_rand_8, 1000, 699, 69.89999999999999
sim_rand_9, 1000, 730, 73
sim_rand_10, 1000, 732, 73.2
sim_rand_11, 1000, 744, 74.4
sim_rand_12, 1000, 669, 66.9
sim_rand_13, 1000, 654, 65.4
sim_rand_14, 1000, 671, 67.10000000000001
sim_rand_15, 1000, 803, 80.30000000000001
sim_rand_16, 1000, 640, 64
sim_rand_17, 1000, 655, 65.5
sim_rand_18, 1000, 720, 72
sim_rand_19, 1000, 660, 66
sim_rand_20, 1000, 646, 64.60000000000001
sim_rand_21, 1000, 692, 69.19999999999999
sim_rand_22, 1000, 783, 78.3
sim_rand_23, 1000, 713, 71.3
sim_rand_24, 1000, 706, 70.6
sim_rand_25, 1000, 693, 69.3
sim_rand_26, 1000, 754, 75.4
sim_rand_27, 1000, 756, 75.6
sim_rand_28, 1000, 649, 64.9
sim_rand_29, 1000, 717, 71.7
sim_rand_30, 1000, 698, 69.8
sim_rand_31, 1000, 730, 73
sim_rand_32, 1000, 714, 71.39999999999999
sim_rand_33, 1000, 705, 70.5
sim_rand_34, 1000, 732, 73.2
sim_rand_35, 1000, 754, 75.4
sim_rand_36, 1000, 720, 72
sim_rand_37, 1000, 713, 71.3
sim_rand_38, 1000, 709, 70.89999999999999
sim_rand_39, 1000, 709, 70.89999999999999
sim_rand_40, 1000, 673, 67.30000000000001
sim_rand_41, 1000, 731, 73.1
sim_rand_42, 1000, 712, 71.2
sim_rand_43, 1000, 667, 66.7
sim_rand_44, 1000, 651, 65.10000000000001
sim_rand_45, 1000, 720, 72
sim_rand_46, 1000, 762, 76.2
sim_rand_47, 1000, 731, 73.1
sim_rand_48, 1000, 728, 72.8
sim_rand_49, 1000, 727, 72.7
sim_rand_50, 1000, 723, 72.3
sim_rand_51, 1000, 733, 73.3
sim_rand_52, 1000, 667, 66.7
sim_rand_53, 1000, 683, 68.30000000000001
sim_rand_54, 1000, 652, 65.2
sim_rand_55, 1000, 725, 72.5
sim_rand_56, 1000, 801, 80.10000000000001
sim_rand_57, 1000, 697, 69.69999999999999
sim_rand_58, 1000, 687, 68.7
sim_rand_59, 1000, 686, 68.60000000000001
sim_rand_60, 1000, 709, 70.89999999999999
sim_rand_61, 1000, 724, 72.39999999999999
sim_rand_62, 1000, 697, 69.69999999999999
sim_rand_63, 1000, 724, 72.39999999999999
sim_rand_64, 1000, 732, 73.2
sim_rand_65, 1000, 721, 72.1
sim_rand_66, 1000, 769, 76.9
sim_rand_67, 1000, 666, 66.60000000000001
sim_rand_68, 1000, 717, 71.7
sim_rand_69, 1000, 732, 73.2
sim_rand_70, 1000, 658, 65.8
sim_rand_71, 1000, 712, 71.2
sim_rand_72, 1000, 714, 71.39999999999999
sim_rand_73, 1000, 726, 72.6
sim_rand_74, 1000, 719, 71.89999999999999
sim_rand_75, 1000, 664, 66.4
sim_rand_76, 1000, 739, 73.9
sim_rand_77, 1000, 698, 69.8
sim_rand_78, 1000, 730, 73
sim_rand_79, 1000, 710, 71
sim_rand_80, 1000, 664, 66.4
sim_rand_81, 1000, 691, 69.1
sim_rand_82, 1000, 751, 75.1
sim_rand_83, 1000, 762, 76.2
sim_rand_84, 1000, 729, 72.89999999999999
sim_rand_85, 1000, 732, 73.2
sim_rand_86, 1000, 645, 64.5
sim_rand_87, 1000, 700, 70
sim_rand_88, 1000, 671, 67.10000000000001
sim_rand_89, 1000, 673, 67.30000000000001
sim_rand_90, 1000, 685, 68.5
sim_rand_91, 1000, 721, 72.1
sim_rand_92, 1000, 735, 73.5
sim_rand_93, 1000, 673, 67.30000000000001
sim_rand_94, 1000, 735, 73.5
sim_rand_95, 1000, 690, 69
sim_rand_96, 1000, 670, 67
sim_rand_97, 1000, 673, 67.30000000000001
sim_rand_98, 1000, 759, 75.9
sim_rand_99, 1000, 736, 73.6
sim_rand_100, 1000, 715, 71.5
sim_rand_101, 1000, 754, 75.4
sim_rand_102, 1000, 723, 72.3
sim_rand_103, 1000, 729, 72.89999999999999
sim_rand_104, 1000, 654, 65.4
sim_rand_105, 1000, 704, 70.39999999999999
sim_rand_106, 1000, 730, 73
sim_rand_107, 1000, 745, 74.5
sim_rand_108, 1000, 692, 69.19999999999999
sim_rand_109, 1000, 661, 66.10000000000001
sim_rand_110, 1000, 746, 74.6
sim_rand_111, 1000, 697, 69.69999999999999
sim_rand_112, 1000, 674, 67.4
sim_rand_113, 1000, 746, 74.6
sim_rand_114, 1000, 702, 70.19999999999999
sim_rand_115, 1000, 708, 70.8
sim_rand_116, 1000, 689, 68.89999999999999
sim_rand_117, 1000, 701, 70.1
sim_rand_118, 1000, 711, 71.1
sim_rand_119, 1000, 744, 74.4
sim_rand_120, 1000, 786, 78.60000000000001
sim_rand_121, 1000, 698, 69.8
sim_rand_122, 1000, 747, 74.7
sim_rand_123, 1000, 666, 66.60000000000001
sim_rand_124, 1000, 748, 74.8
sim_rand_125, 1000, 698, 69.8
sim_rand_126, 1000, 731, 73.1
sim_rand_127, 1000, 694, 69.39999999999999
sim_rand_128, 1000, 729, 72.89999999999999
sim_rand_129, 1000, 678, 67.80000000000001
sim_rand_130, 1000, 687, 68.7
sim_rand_131, 1000, 736, 73.6
sim_rand_132, 1000, 687, 68.7
sim_rand_133, 1000, 667, 66.7
sim_rand_134, 1000, 747, 74.7
sim_rand_135, 1000, 724, 72.39999999999999
sim_rand_136, 1000, 727, 72.7
sim_rand_137, 1000, 699, 69.89999999999999
sim_rand_138, 1000, 744, 74.4
sim_rand_139, 1000, 702, 70.19999999999999
sim_rand_140, 1000, 677, 67.7
sim_rand_141, 1000, 733, 73.3
sim_rand_142, 1000, 717, 71.7
sim_rand_143, 1000, 735, 73.5
sim_rand_144, 1000, 682, 68.2
sim_rand_145, 1000, 662, 66.2
sim_rand_146, 1000, 734, 73.4
sim_rand_147, 1000, 717, 71.7
sim_rand_148, 1000, 737, 73.7
sim_rand_149, 1000, 714, 71.39999999999999
sim_rand_150, 1000, 766, 76.6
sim_rand_151, 1000, 761, 76.1
sim_rand_152, 1000, 790, 79
sim_rand_153, 1000, 722, 72.2
sim_rand_154, 1000, 693, 69.3
sim_rand_155, 1000, 708, 70.8
sim_rand_156, 1000, 646, 64.60000000000001
sim_rand_157, 1000, 649, 64.9
sim_rand_158, 1000, 707, 70.7
sim_rand_159, 1000, 726, 72.6
sim_rand_160, 1000, 726, 72.6
sim_rand_161, 1000, 771, 77.10000000000001
sim_rand_162, 1000, 707, 70.7
sim_rand_163, 1000, 718, 71.8
sim_rand_164, 1000, 717, 71.7
sim_rand_165, 1000, 683, 68.30000000000001
sim_rand_166, 1000, 695, 69.5
sim_rand_167, 1000, 749, 74.9
sim_rand_168, 1000, 704, 70.39999999999999
sim_rand_169, 1000, 724, 72.39999999999999
sim_rand_170, 1000, 731, 73.1
sim_rand_171, 1000, 726, 72.6
sim_rand_172, 1000, 751, 75.1
sim_rand_173, 1000, 694, 69.39999999999999
sim_rand_174, 1000, 752, 75.2
sim_rand_175, 1000, 735, 73.5
sim_rand_176, 1000, 681, 68.10000000000001
sim_rand_177, 1000, 715, 71.5
sim_rand_178, 1000, 728, 72.8
sim_rand_179, 1000, 700, 70
sim_rand_180, 1000, 740, 74
sim_rand_181, 1000, 730, 73
sim_rand_182, 1000, 783, 78.3
sim_rand_183, 1000, 685, 68.5
sim_rand_184, 1000, 678, 67.80000000000001
sim_rand_185, 1000, 672, 67.2
sim_rand_186, 1000, 702, 70.19999999999999
sim_rand_187, 1000, 742, 74.2
sim_rand_188, 1000, 750, 75
sim_rand_189, 1000, 740, 74
sim_rand_190, 1000, 702, 70.19999999999999
sim_rand_191, 1000, 766, 76.6
sim_rand_192, 1000, 801, 80.10000000000001
sim_rand_193, 1000, 719, 71.89999999999999
sim_rand_194, 1000, 739, 73.9
sim_rand_195, 1000, 741, 74.1
sim_rand_196, 1000, 764, 76.4
sim_rand_197, 1000, 665, 66.5
sim_rand_198, 1000, 758, 75.8
sim_rand_199, 1000, 703, 70.3
sim_rand_200, 1000, 692, 69.19999999999999
sim_rand_201, 1000, 725, 72.5
sim_rand_202, 1000, 668, 66.8
sim_rand_203, 1000, 746, 74.6
sim_rand_204, 1000, 664, 66.4
sim_rand_205, 1000, 712, 71.2
sim_rand_206, 1000, 676, 67.60000000000001
sim_rand_207, 1000, 684, 68.4
sim_rand_208, 1000, 699, 69.89999999999999
sim_rand_209, 1000, 679, 67.9
sim_rand_210, 1000, 740, 74
sim_rand_211, 1000, 721, 72.1
sim_rand_212, 1000, 735, 73.5
sim_rand_213, 1000, 778, 77.8
sim_rand_214, 1000, 601, 60.099999999999994
sim_rand_215, 1000, 694, 69.39999999999999
sim_rand_216, 1000, 745, 74.5
sim_rand_217, 1000, 699, 69.89999999999999
sim_rand_218, 1000, 639, 63.9
sim_rand_219, 1000, 760, 76
sim_rand_220, 1000, 694, 69.39999999999999
sim_rand_221, 1000, 790, 79
sim_rand_222, 1000, 705, 70.5
sim_rand_223, 1000, 664, 66.4
sim_rand_224, 1000, 784, 78.4
sim_rand_225, 1000, 689, 68.89999999999999
sim_rand_226, 1000, 667, 66.7
sim_rand_227, 1000, 700, 70
sim_rand_228, 1000, 677, 67.7
sim_rand_229, 1000, 750, 75
sim_rand_230, 1000, 679, 67.9
sim_rand_231, 1000, 731, 73.1
sim_rand_232, 1000, 757, 75.7
sim_rand_233, 1000, 672, 67.2
sim_rand_234, 1000, 668, 66.8
sim_rand_235, 1000, 664, 66.4
sim_rand_236, 1000, 691, 69.1
sim_rand_237, 1000, 666, 66.60000000000001
sim_rand_238, 1000, 708, 70.8
sim_rand_239, 1000, 688, 68.8
sim_rand_240, 1000, 624, 62.4
sim_rand_241, 1000, 723, 72.3
sim_rand_242, 1000, 742, 74.2
sim_rand_243, 1000, 670, 67
sim_rand_244, 1000, 727, 72.7
sim_rand_245, 1000, 732, 73.2
sim_rand_246, 1000, 730, 73
sim_rand_247, 1000, 672, 67.2
sim_rand_248, 1000, 716, 71.6
sim_rand_249, 1000, 665, 66.5
sim_rand_250, 1000, 669, 66.9
sim_rand_251, 1000, 696, 69.6
sim_rand_252, 1000, 680, 68
sim_rand_253, 1000, 712, 71.2
sim_rand_254, 1000, 721, 72.1
sim_rand_255, 1000, 704, 70.39999999999999
sim_rand_256, 1000, 724, 72.39999999999999
sim_rand_257, 1000, 728, 72.8
sim_rand_258, 1000, 678, 67.80000000000001
sim_rand_259, 1000, 634, 63.4
sim_rand_260, 1000, 707, 70.7
sim_rand_261, 1000, 706, 70.6
sim_rand_262, 1000, 646, 64.60000000000001
sim_rand_263, 1000, 715, 71.5
sim_rand_264, 1000, 724, 72.39999999999999
sim_rand_265, 1000, 723, 72.3
sim_rand_266, 1000, 769, 76.9
sim_rand_267, 1000, 705, 70.5
sim_rand_268, 1000, 718, 71.8
sim_rand_269, 1000, 703, 70.3
sim_rand_270, 1000, 742, 74.2
sim_rand_271, 1000, 702, 70.19999999999999
sim_rand_272, 1000, 720, 72
sim_rand_273, 1000, 740, 74
sim_rand_274, 1000, 716, 71.6
sim_rand_275, 1000, 761, 76.1
sim_rand_276, 1000, 704, 70.39999999999999
sim_rand_277, 1000, 662, 66.2
sim_rand_278, 1000, 630, 63
sim_rand_279, 1000, 735, 73.5
sim_rand_280, 1000, 695, 69.5
sim_rand_281, 1000, 724, 72.39999999999999
sim_rand_282, 1000, 703, 70.3
sim_rand_283, 1000, 732, 73.2
sim_rand_284, 1000, 720, 72
sim_rand_285, 1000, 730, 73
sim_rand_286, 1000, 655, 65.5
sim_rand_287, 1000, 719, 71.89999999999999
sim_rand_288, 1000, 766, 76.6
sim_rand_289, 1000, 675, 67.5
sim_rand_290, 1000, 663, 66.3
sim_rand_291, 1000, 746, 74.6
sim_rand_292, 1000, 752, 75.2
sim_rand_293, 1000, 724, 72.39999999999999
sim_rand_294, 1000, 686, 68.60000000000001
sim_rand_295, 1000, 719, 71.89999999999999
sim_rand_296, 1000, 710, 71
sim_rand_297, 1000, 705, 70.5
sim_rand_298, 1000, 757, 75.7
sim_rand_299, 1000, 706, 70.6
sim_rand_300, 1000, 717, 71.7
sim_rand_301, 1000, 695, 69.5
sim_rand_302, 1000, 639, 63.9
sim_rand_303, 1000, 626, 62.6
sim_rand_304, 1000, 797, 79.7
sim_rand_305, 1000, 768, 76.8
sim_rand_306, 1000, 671, 67.10000000000001
sim_rand_307, 1000, 681, 68.10000000000001
sim_rand_308, 1000, 701, 70.1
sim_rand_309, 1000, 696, 69.6
sim_rand_310, 1000, 677, 67.7
sim_rand_311, 1000, 709, 70.89999999999999
sim_rand_312, 1000, 700, 70
sim_rand_313, 1000, 681, 68.10000000000001
sim_rand_314, 1000, 715, 71.5
sim_rand_315, 1000, 698, 69.8
sim_rand_316, 1000, 623, 62.3
sim_rand_317, 1000, 705, 70.5
sim_rand_318, 1000, 665, 66.5
sim_rand_319, 1000, 705, 70.5
sim_rand_320, 1000, 673, 67.30000000000001
sim_rand_321, 1000, 723, 72.3
sim_rand_322, 1000, 766, 76.6
sim_rand_323, 1000, 779, 77.9
sim_rand_324, 1000, 704, 70.39999999999999
sim_rand_325, 1000, 672, 67.2
sim_rand_326, 1000, 740, 74
sim_rand_327, 1000, 704, 70.39999999999999
sim_rand_328, 1000, 665, 66.5
sim_rand_329, 1000, 731, 73.1
sim_rand_330, 1000, 761, 76.1
sim_rand_331, 1000, 737, 73.7
sim_rand_332, 1000, 703, 70.3
sim_rand_333, 1000, 789, 78.9
sim_rand_334, 1000, 716, 71.6
sim_rand_335, 1000, 695, 69.5
sim_rand_336, 1000, 669, 66.9
sim_rand_337, 1000, 643, 64.3
sim_rand_338, 1000, 734, 73.4
sim_rand_339, 1000, 745, 74.5
sim_rand_340, 1000, 683, 68.30000000000001
sim_rand_341, 1000, 756, 75.6
sim_rand_342, 1000, 735, 73.5
sim_rand_343, 1000, 755, 75.5
sim_rand_344, 1000, 708, 70.8
sim_rand_345, 1000, 705, 70.5
sim_rand_346, 1000, 756, 75.6
sim_rand_347, 1000, 740, 74
sim_rand_348, 1000, 692, 69.19999999999999
sim_rand_349, 1000, 687, 68.7
sim_rand_350, 1000, 717, 71.7
sim_rand_351, 1000, 736, 73.6
sim_rand_352, 1000, 713, 71.3
sim_rand_353, 1000, 685, 68.5
sim_rand_354, 1000, 735, 73.5
sim_rand_355, 1000, 746, 74.6
sim_rand_356, 1000, 672, 67.2
sim_rand_357, 1000, 727, 72.7
sim_rand_358, 1000, 725, 72.5
sim_rand_359, 1000, 719, 71.89999999999999
sim_rand_360, 1000, 678, 67.80000000000001
sim_rand_361, 1000, 729, 72.89999999999999
sim_rand_362, 1000, 686, 68.60000000000001
sim_rand_363, 1000, 799, 79.9
sim_rand_364, 1000, 701, 70.1
sim_rand_365, 1000, 739, 73.9
sim_rand_366, 1000, 685, 68.5
sim_rand_367, 1000, 722, 72.2
sim_rand_368, 1000, 659, 65.9
sim_rand_369, 1000, 707, 70.7
sim_rand_370, 1000, 691, 69.1
sim_rand_371, 1000, 748, 74.8
sim_rand_372, 1000, 661, 66.10000000000001
sim_rand_373, 1000, 700, 70
sim_rand_374, 1000, 732, 73.2
sim_rand_375, 1000, 723, 72.3
sim_rand_376, 1000, 782, 78.2
sim_rand_377, 1000, 556, 55.60000000000001
sim_rand_378, 1000, 693, 69.3
sim_rand_379, 1000, 739, 73.9
sim_rand_380, 1000, 799, 79.9
sim_rand_381, 1000, 694, 69.39999999999999
sim_rand_382, 1000, 672, 67.2
sim_rand_383, 1000, 707, 70.7
sim_rand_384, 1000, 656, 65.60000000000001
sim_rand_385, 1000, 718, 71.8
sim_rand_386, 1000, 705, 70.5
sim_rand_387, 1000, 675, 67.5
sim_rand_388, 1000, 744, 74.4
sim_rand_389, 1000, 694, 69.39999999999999
sim_rand_390, 1000, 720, 72
sim_rand_391, 1000, 703, 70.3
sim_rand_392, 1000, 709, 70.89999999999999
sim_rand_393, 1000, 737, 73.7
sim_rand_394, 1000, 718, 71.8
sim_rand_395, 1000, 730, 73
sim_rand_396, 1000, 753, 75.3
sim_rand_397, 1000, 689, 68.89999999999999
sim_rand_398, 1000, 655, 65.5
sim_rand_399, 1000, 721, 72.1
sim_rand_400, 1000, 714, 71.39999999999999
sim_rand_401, 1000, 698, 69.8
sim_rand_402, 1000, 742, 74.2
sim_rand_403, 1000, 685, 68.5
sim_rand_404, 1000, 700, 70
sim_rand_405, 1000, 632, 63.2
sim_rand_406, 1000, 663, 66.3
sim_rand_407, 1000, 752, 75.2
sim_rand_408, 1000, 720, 72
sim_rand_409, 1000, 665, 66.5
sim_rand_410, 1000, 746, 74.6
sim_rand_411, 1000, 760, 76
sim_rand_412, 1000, 711, 71.1
sim_rand_413, 1000, 691, 69.1
sim_rand_414, 1000, 730, 73
sim_rand_415, 1000, 597, 59.699999999999996
sim_rand_416, 1000, 696, 69.6
sim_rand_417, 1000, 716, 71.6
sim_rand_418, 1000, 701, 70.1
sim_rand_419, 1000, 661, 66.10000000000001
sim_rand_420, 1000, 629, 62.9
sim_rand_421, 1000, 692, 69.19999999999999
sim_rand_422, 1000, 698, 69.8
sim_rand_423, 1000, 740, 74
sim_rand_424, 1000, 726, 72.6
sim_rand_425, 1000, 677, 67.7
sim_rand_426, 1000, 702, 70.19999999999999
sim_rand_427, 1000, 693, 69.3
sim_rand_428, 1000, 721, 72.1
sim_rand_429, 1000, 746, 74.6
sim_rand_430, 1000, 664, 66.4
sim_rand_431, 1000, 692, 69.19999999999999
sim_rand_432, 1000, 757, 75.7
sim_rand_433, 1000, 708, 70.8
sim_rand_434, 1000, 783, 78.3
sim_rand_435, 1000, 747, 74.7
sim_rand_436, 1000, 730, 73
sim_rand_437, 1000, 725, 72.5
sim_rand_438, 1000, 673, 67.30000000000001
sim_rand_439, 1000, 734, 73.4
sim_rand_440, 1000, 696, 69.6
sim_rand_441, 1000, 778, 77.8
sim_rand_442, 1000, 747, 74.7
sim_rand_443, 1000, 705, 70.5
sim_rand_444, 1000, 652, 65.2
sim_rand_445, 1000, 668, 66.8
sim_rand_446, 1000, 689, 68.89999999999999
sim_rand_447, 1000, 727, 72.7
sim_rand_448, 1000, 709, 70.89999999999999
sim_rand_449, 1000, 665, 66.5
sim_rand_450, 1000, 724, 72.39999999999999
sim_rand_451, 1000, 738, 73.8
sim_rand_452, 1000, 630, 63
sim_rand_453, 1000, 740, 74
sim_rand_454, 1000, 718, 71.8
sim_rand_455, 1000, 713, 71.3
sim_rand_456, 1000, 664, 66.4
sim_rand_457, 1000, 681, 68.10000000000001
sim_rand_458, 1000, 716, 71.6
sim_rand_459, 1000, 739, 73.9
sim_rand_460, 1000, 654, 65.4
sim_rand_461, 1000, 678, 67.80000000000001
sim_rand_462, 1000, 730, 73
sim_rand_463, 1000, 743, 74.3
sim_rand_464, 1000, 686, 68.60000000000001
sim_rand_465, 1000, 685, 68.5
sim_rand_466, 1000, 694, 69.39999999999999
sim_rand_467, 1000, 706, 70.6
sim_rand_468, 1000, 716, 71.6
sim_rand_469, 1000, 735, 73.5
sim_rand_470, 1000, 717, 71.7
sim_rand_471, 1000, 734, 73.4
sim_rand_472, 1000, 754, 75.4
sim_rand_473, 1000, 655, 65.5
sim_rand_474, 1000, 798, 79.80000000000001
sim_rand_475, 1000, 716, 71.6
sim_rand_476, 1000, 730, 73
sim_rand_477, 1000, 706, 70.6
sim_rand_478, 1000, 740, 74
sim_rand_479, 1000, 732, 73.2
sim_rand_480, 1000, 673, 67.30000000000001
sim_rand_481, 1000, 693, 69.3
sim_rand_482, 1000, 767, 76.7
sim_rand_483, 1000, 709, 70.89999999999999
sim_rand_484, 1000, 776, 77.60000000000001
sim_rand_485, 1000, 669, 66.9
sim_rand_486, 1000, 702, 70.19999999999999
sim_rand_487, 1000, 759, 75.9
sim_rand_488, 1000, 720, 72
sim_rand_489, 1000, 691, 69.1
sim_rand_490, 1000, 671, 67.10000000000001
sim_rand_491, 1000, 697, 69.69999999999999
sim_rand_492, 1000, 752, 75.2
sim_rand_493, 1000, 748, 74.8
sim_rand_494, 1000, 716, 71.6
sim_rand_495, 1000, 712, 71.2
sim_rand_496, 1000, 693, 69.3
sim_rand_497, 1000, 700, 70
sim_rand_498, 1000, 732, 73.2
sim_rand_499, 1000, 756, 75.6
sim_rand_500, 1000, 695, 69.5
sim_rand_501, 1000, 677, 67.7
sim_rand_502, 1000, 713, 71.3
sim_rand_503, 1000, 657, 65.7
sim_rand_504, 1000, 757, 75.7
sim_rand_505, 1000, 731, 73.1
sim_rand_506, 1000, 641, 64.1
sim_rand_507, 1000, 766, 76.6
sim_rand_508, 1000, 710, 71
sim_rand_509, 1000, 702, 70.19999999999999
sim_rand_510, 1000, 702, 70.19999999999999
sim_rand_511, 1000, 731, 73.1
sim_rand_512, 1000, 712, 71.2
sim_rand_513, 1000, 669, 66.9
sim_rand_514, 1000, 695, 69.5
sim_rand_515, 1000, 712, 71.2
sim_rand_516, 1000, 683, 68.30000000000001
sim_rand_517, 1000, 698, 69.8
sim_rand_518, 1000, 754, 75.4
sim_rand_519, 1000, 743, 74.3
sim_rand_520, 1000, 690, 69
sim_rand_521, 1000, 639, 63.9
sim_rand_522, 1000, 712, 71.2
sim_rand_523, 1000, 665, 66.5
sim_rand_524, 1000, 665, 66.5
sim_rand_525, 1000, 621, 62.1
sim_rand_526, 1000, 725, 72.5
sim_rand_527, 1000, 715, 71.5
sim_rand_528, 1000, 744, 74.4
sim_rand_529, 1000, 665, 66.5
sim_rand_530, 1000, 754, 75.4
sim_rand_531, 1000, 672, 67.2
sim_rand_532, 1000, 703, 70.3
sim_rand_533, 1000, 701, 70.1
sim_rand_534, 1000, 695, 69.5
sim_rand_535, 1000, 718, 71.8
sim_rand_536, 1000, 702, 70.19999999999999
sim_rand_537, 1000, 684, 68.4
sim_rand_538, 1000, 695, 69.5
sim_rand_539, 1000, 742, 74.2
sim_rand_540, 1000, 697, 69.69999999999999
sim_rand_541, 1000, 658, 65.8
sim_rand_542, 1000, 694, 69.39999999999999
sim_rand_543, 1000, 715, 71.5
sim_rand_544, 1000, 757, 75.7
sim_rand_545, 1000, 719, 71.89999999999999
sim_rand_546, 1000, 736, 73.6
sim_rand_547, 1000, 758, 75.8
sim_rand_548, 1000, 726, 72.6
sim_rand_549, 1000, 669, 66.9
sim_rand_550, 1000, 647, 64.7
sim_rand_551, 1000, 703, 70.3
sim_rand_552, 1000, 725, 72.5
sim_rand_553, 1000, 677, 67.7
sim_rand_554, 1000, 763, 76.3
sim_rand_555, 1000, 729, 72.89999999999999
sim_rand_556, 1000, 673, 67.30000000000001
sim_rand_557, 1000, 763, 76.3
sim_rand_558, 1000, 703, 70.3
sim_rand_559, 1000, 739, 73.9
sim_rand_560, 1000, 691, 69.1
sim_rand_561, 1000, 713, 71.3
sim_rand_562, 1000, 675, 67.5
sim_rand_563, 1000, 730, 73
sim_rand_564, 1000, 725, 72.5
sim_rand_565, 1000, 695, 69.5
sim_rand_566, 1000, 651, 65.10000000000001
sim_rand_567, 1000, 700, 70
sim_rand_568, 1000, 758, 75.8
sim_rand_569, 1000, 756, 75.6
sim_rand_570, 1000, 710, 71
sim_rand_571, 1000, 628, 62.8
sim_rand_572, 1000, 719, 71.89999999999999
sim_rand_573, 1000, 671, 67.10000000000001
sim_rand_574, 1000, 787, 78.7
sim_rand_575, 1000, 694, 69.39999999999999
sim_rand_576, 1000, 730, 73
sim_rand_577, 1000, 649, 64.9
sim_rand_578, 1000, 709, 70.89999999999999
sim_rand_579, 1000, 707, 70.7
sim_rand_580, 1000, 772, 77.2
sim_rand_581, 1000, 644, 64.4
sim_rand_582, 1000, 704, 70.39999999999999
sim_rand_583, 1000, 718, 71.8
sim_rand_584, 1000, 655, 65.5
sim_rand_585, 1000, 752, 75.2
sim_rand_586, 1000, 708, 70.8
sim_rand_587, 1000, 674, 67.4
sim_rand_588, 1000, 675, 67.5
sim_rand_589, 1000, 681, 68.10000000000001
sim_rand_590, 1000, 738, 73.8
sim_rand_591, 1000, 779, 77.9
sim_rand_592, 1000, 735, 73.5
sim_rand_593, 1000, 734, 73.4
sim_rand_594, 1000, 688, 68.8
sim_rand_595, 1000, 707, 70.7
sim_rand_596, 1000, 701, 70.1
sim_rand_597, 1000, 716, 71.6
sim_rand_598, 1000, 778, 77.8
sim_rand_599, 1000, 752, 75.2
sim_rand_600, 1000, 672, 67.2
sim_rand_601, 1000, 711, 71.1
sim_rand_602, 1000, 738, 73.8
sim_rand_603, 1000, 689, 68.89999999999999
sim_rand_604, 1000, 755, 75.5
sim_rand_605, 1000, 672, 67.2
sim_rand_606, 1000, 684, 68.4
sim_rand_607, 1000, 735, 73.5
sim_rand_608, 1000, 780, 78
sim_rand_609, 1000, 677, 67.7
sim_rand_610, 1000, 684, 68.4
sim_rand_611, 1000, 702, 70.19999999999999
sim_rand_612, 1000, 688, 68.8
sim_rand_613, 1000, 633, 63.3
sim_rand_614, 1000, 678, 67.80000000000001
sim_rand_615, 1000, 724, 72.39999999999999
sim_rand_616, 1000, 644, 64.4
sim_rand_617, 1000, 713, 71.3
sim_rand_618, 1000, 777, 77.7
sim_rand_619, 1000, 732, 73.2
sim_rand_620, 1000, 707, 70.7
sim_rand_621, 1000, 693, 69.3
sim_rand_622, 1000, 679, 67.9
sim_rand_623, 1000, 702, 70.19999999999999
sim_rand_624, 1000, 687, 68.7
sim_rand_625, 1000, 747, 74.7
sim_rand_626, 1000, 673, 67.30000000000001
sim_rand_627, 1000, 728, 72.8
sim_rand_628, 1000, 701, 70.1
sim_rand_629, 1000, 811, 81.10000000000001
sim_rand_630, 1000, 786, 78.60000000000001
sim_rand_631, 1000, 725, 72.5
sim_rand_632, 1000, 721, 72.1
sim_rand_633, 1000, 713, 71.3
sim_rand_634, 1000, 748, 74.8
sim_rand_635, 1000, 672, 67.2
sim_rand_636, 1000, 716, 71.6
sim_rand_637, 1000, 746, 74.6
sim_rand_638, 1000, 655, 65.5
sim_rand_639, 1000, 695, 69.5
sim_rand_640, 1000, 707, 70.7
sim_rand_641, 1000, 735, 73.5
sim_rand_642, 1000, 804, 80.4
sim_rand_643, 1000, 630, 63
sim_rand_644, 1000, 737, 73.7
sim_rand_645, 1000, 677, 67.7
sim_rand_646, 1000, 808, 80.80000000000001
sim_rand_647, 1000, 664, 66.4
sim_rand_648, 1000, 769, 76.9
sim_rand_649, 1000, 720, 72
sim_rand_650, 1000, 717, 71.7
sim_rand_651, 1000, 685, 68.5
sim_rand_652, 1000, 737, 73.7
sim_rand_653, 1000, 721, 72.1
sim_rand_654, 1000, 712, 71.2
sim_rand_655, 1000, 738, 73.8
sim_rand_656, 1000, 735, 73.5
sim_rand_657, 1000, 737, 73.7
sim_rand_658, 1000, 745, 74.5
sim_rand_659, 1000, 674, 67.4
sim_rand_660, 1000, 724, 72.39999999999999
sim_rand_661, 1000, 780, 78
sim_rand_662, 1000, 733, 73.3
sim_rand_663, 1000, 727, 72.7
sim_rand_664, 1000, 653, 65.3
sim_rand_665, 1000, 727, 72.7
sim_rand_666, 1000, 707, 70.7
sim_rand_667, 1000, 675, 67.5
sim_rand_668, 1000, 749, 74.9
sim_rand_669, 1000, 709, 70.89999999999999
sim_rand_670, 1000, 683, 68.30000000000001
sim_rand_671, 1000, 662, 66.2
sim_rand_672, 1000, 694, 69.39999999999999
sim_rand_673, 1000, 748, 74.8
sim_rand_674, 1000, 641, 64.1
sim_rand_675, 1000, 663, 66.3
sim_rand_676, 1000, 800, 80
sim_rand_677, 1000, 676, 67.60000000000001
sim_rand_678, 1000, 711, 71.1
sim_rand_679, 1000, 720, 72
sim_rand_680, 1000, 737, 73.7
sim_rand_681, 1000, 710, 71
sim_rand_682, 1000, 755, 75.5
sim_rand_683, 1000, 728, 72.8
sim_rand_684, 1000, 716, 71.6
sim_rand_685, 1000, 691, 69.1
sim_rand_686, 1000, 693, 69.3
sim_rand_687, 1000, 666, 66.60000000000001
sim_rand_688, 1000, 764, 76.4
sim_rand_689, 1000, 727, 72.7
sim_rand_690, 1000, 710, 71
sim_rand_691, 1000, 627, 62.7
sim_rand_692, 1000, 709, 70.89999999999999
sim_rand_693, 1000, 683, 68.30000000000001
sim_rand_694, 1000, 674, 67.4
sim_rand_695, 1000, 694, 69.39999999999999
sim_rand_696, 1000, 707, 70.7
sim_rand_697, 1000, 800, 80
sim_rand_698, 1000, 698, 69.8
sim_rand_699, 1000, 674, 67.4
sim_rand_700, 1000, 649, 64.9
sim_rand_701, 1000, 730, 73
sim_rand_702, 1000, 682, 68.2
sim_rand_703, 1000, 667, 66.7
sim_rand_704, 1000, 720, 72
sim_rand_705, 1000, 722, 72.2
sim_rand_706, 1000, 748, 74.8
sim_rand_707, 1000, 719, 71.89999999999999
sim_rand_708, 1000, 668, 66.8
sim_rand_709, 1000, 746, 74.6
sim_rand_710, 1000, 713, 71.3
sim_rand_711, 1000, 676, 67.60000000000001
sim_rand_712, 1000, 746, 74.6
sim_rand_713, 1000, 705, 70.5
sim_rand_714, 1000, 705, 70.5
sim_rand_715, 1000, 761, 76.1
sim_rand_716, 1000, 703, 70.3
sim_rand_717, 1000, 665, 66.5
sim_rand_718, 1000, 747, 74.7
sim_rand_719, 1000, 705, 70.5
sim_rand_720, 1000, 650, 65
sim_rand_721, 1000, 707, 70.7
sim_rand_722, 1000, 708, 70.8
sim_rand_723, 1000, 668, 66.8
sim_rand_724, 1000, 781, 78.10000000000001
sim_rand_725, 1000, 696, 69.6
sim_rand_726, 1000, 716, 71.6
sim_rand_727, 1000, 700, 70
sim_rand_728, 1000, 713, 71.3
sim_rand_729, 1000, 715, 71.5
sim_rand_730, 1000, 715, 71.5
sim_rand_731, 1000, 698, 69.8
sim_rand_732, 1000, 723, 72.3
sim_rand_733, 1000, 677, 67.7
sim_rand_734, 1000, 652, 65.2
sim_rand_735, 1000, 716, 71.6
sim_rand_736, 1000, 659, 65.9
sim_rand_737, 1000, 680, 68
sim_rand_738, 1000, 694, 69.39999999999999
sim_rand_739, 1000, 685, 68.5
sim_rand_740, 1000, 727, 72.7
sim_rand_741, 1000, 686, 68.60000000000001
sim_rand_742, 1000, 667, 66.7
sim_rand_743, 1000, 716, 71.6
sim_rand_744, 1000, 790, 79
sim_rand_745, 1000, 713, 71.3
sim_rand_746, 1000, 709, 70.89999999999999
sim_rand_747, 1000, 647, 64.7
sim_rand_748, 1000, 687, 68.7
sim_rand_749, 1000, 718, 71.8
sim_rand_750, 1000, 742, 74.2
sim_rand_751, 1000, 702, 70.19999999999999
sim_rand_752, 1000, 690, 69
sim_rand_753, 1000, 746, 74.6
sim_rand_754, 1000, 746, 74.6
sim_rand_755, 1000, 714, 71.39999999999999
sim_rand_756, 1000, 704, 70.39999999999999
sim_rand_757, 1000, 741, 74.1
sim_rand_758, 1000, 734, 73.4
sim_rand_759, 1000, 704, 70.39999999999999
sim_rand_760, 1000, 709, 70.89999999999999
sim_rand_761, 1000, 717, 71.7
sim_rand_762, 1000, 721, 72.1
sim_rand_763, 1000, 697, 69.69999999999999
sim_rand_764, 1000, 691, 69.1
sim_rand_765, 1000, 730, 73
sim_rand_766, 1000, 726, 72.6
sim_rand_767, 1000, 711, 71.1
sim_rand_768, 1000, 698, 69.8
sim_rand_769, 1000, 710, 71
sim_rand_770, 1000, 772, 77.2
sim_rand_771, 1000, 697, 69.69999999999999
sim_rand_772, 1000, 701, 70.1
sim_rand_773, 1000, 727, 72.7
sim_rand_774, 1000, 733, 73.3
sim_rand_775, 1000, 699, 69.89999999999999
sim_rand_776, 1000, 719, 71.89999999999999
sim_rand_777, 1000, 705, 70.5
sim_rand_778, 1000, 700, 70
sim_rand_779, 1000, 758, 75.8
sim_rand_780, 1000, 692, 69.19999999999999
sim_rand_781, 1000, 690, 69
sim_rand_782, 1000, 696, 69.6
sim_rand_783, 1000, 721, 72.1
sim_rand_784, 1000, 677, 67.7
sim_rand_785, 1000, 710, 71
sim_rand_786, 1000, 688, 68.8
sim_rand_787, 1000, 700, 70
sim_rand_788, 1000, 727, 72.7
sim_rand_789, 1000, 703, 70.3
sim_rand_790, 1000, 751, 75.1
sim_rand_791, 1000, 697, 69.69999999999999
sim_rand_792, 1000, 733, 73.3
sim_rand_793, 1000, 735, 73.5
sim_rand_794, 1000, 738, 73.8
sim_rand_795, 1000, 729, 72.89999999999999
sim_rand_796, 1000, 796, 79.60000000000001
sim_rand_797, 1000, 713, 71.3
sim_rand_798, 1000, 686, 68.60000000000001
sim_rand_799, 1000, 754, 75.4
sim_rand_800, 1000, 732, 73.2
sim_rand_801, 1000, 706, 70.6
sim_rand_802, 1000, 741, 74.1
sim_rand_803, 1000, 730, 73
sim_rand_804, 1000, 622, 62.2
sim_rand_805, 1000, 756, 75.6
sim_rand_806, 1000, 721, 72.1
sim_rand_807, 1000, 731, 73.1
sim_rand_808, 1000, 747, 74.7
sim_rand_809, 1000, 672, 67.2
sim_rand_810, 1000, 716, 71.6
sim_rand_811, 1000, 659, 65.9
sim_rand_812, 1000, 778, 77.8
sim_rand_813, 1000, 768, 76.8
sim_rand_814, 1000, 731, 73.1
sim_rand_815, 1000, 636, 63.6
sim_rand_816, 1000, 774, 77.4
sim_rand_817, 1000, 686, 68.60000000000001
sim_rand_818, 1000, 697, 69.69999999999999
sim_rand_819, 1000, 685, 68.5
sim_rand_820, 1000, 731, 73.1
sim_rand_821, 1000, 704, 70.39999999999999
sim_rand_822, 1000, 807, 80.7
sim_rand_823, 1000, 747, 74.7
sim_rand_824, 1000, 732, 73.2
sim_rand_825, 1000, 655, 65.5
sim_rand_826, 1000, 702, 70.19999999999999
sim_rand_827, 1000, 700, 70
sim_rand_828, 1000, 758, 75.8
sim_rand_829, 1000, 726, 72.6
sim_rand_830, 1000, 760, 76
sim_rand_831, 1000, 756, 75.6
sim_rand_832, 1000, 635, 63.5
sim_rand_833, 1000, 749, 74.9
sim_rand_834, 1000, 682, 68.2
sim_rand_835, 1000, 662, 66.2
sim_rand_836, 1000, 727, 72.7
sim_rand_837, 1000, 731, 73.1
sim_rand_838, 1000, 732, 73.2
sim_rand_839, 1000, 702, 70.19999999999999
sim_rand_840, 1000, 747, 74.7
sim_rand_841, 1000, 759, 75.9
sim_rand_842, 1000, 724, 72.39999999999999
sim_rand_843, 1000, 714, 71.39999999999999
sim_rand_844, 1000, 664, 66.4
sim_rand_845, 1000, 767, 76.7
sim_rand_846, 1000, 727, 72.7
sim_rand_847, 1000, 748, 74.8
sim_rand_848, 1000, 752, 75.2
sim_rand_849, 1000, 692, 69.19999999999999
sim_rand_850, 1000, 686, 68.60000000000001
sim_rand_851, 1000, 722, 72.2
sim_rand_852, 1000, 708, 70.8
sim_rand_853, 1000, 704, 70.39999999999999
sim_rand_854, 1000, 757, 75.7
sim_rand_855, 1000, 652, 65.2
sim_rand_856, 1000, 743, 74.3
sim_rand_857, 1000, 698, 69.8
sim_rand_858, 1000, 645, 64.5
sim_rand_859, 1000, 735, 73.5
sim_rand_860, 1000, 673, 67.30000000000001
sim_rand_861, 1000, 721, 72.1
sim_rand_862, 1000, 662, 66.2
sim_rand_863, 1000, 763, 76.3
sim_rand_864, 1000, 687, 68.7
sim_rand_865, 1000, 702, 70.19999999999999
sim_rand_866, 1000, 675, 67.5
sim_rand_867, 1000, 754, 75.4
sim_rand_868, 1000, 686, 68.60000000000001
sim_rand_869, 1000, 760, 76
sim_rand_870, 1000, 725, 72.5
sim_rand_871, 1000, 702, 70.19999999999999
sim_rand_872, 1000, 698, 69.8
sim_rand_873, 1000, 698, 69.8
sim_rand_874, 1000, 695, 69.5
sim_rand_875, 1000, 732, 73.2
sim_rand_876, 1000, 701, 70.1
sim_rand_877, 1000, 655, 65.5
sim_rand_878, 1000, 722, 72.2
sim_rand_879, 1000, 691, 69.1
sim_rand_880, 1000, 670, 67
sim_rand_881, 1000, 725, 72.5
sim_rand_882, 1000, 762, 76.2
sim_rand_883, 1000, 715, 71.5
sim_rand_884, 1000, 817, 81.69999999999999
sim_rand_885, 1000, 712, 71.2
sim_rand_886, 1000, 752, 75.2
sim_rand_887, 1000, 759, 75.9
sim_rand_888, 1000, 728, 72.8
sim_rand_889, 1000, 714, 71.39999999999999
sim_rand_890, 1000, 658, 65.8
sim_rand_891, 1000, 717, 71.7
sim_rand_892, 1000, 704, 70.39999999999999
sim_rand_893, 1000, 712, 71.2
sim_rand_894, 1000, 758, 75.8
sim_rand_895, 1000, 709, 70.89999999999999
sim_rand_896, 1000, 738, 73.8
sim_rand_897, 1000, 774, 77.4
sim_rand_898, 1000, 723, 72.3
sim_rand_899, 1000, 688, 68.8
sim_rand_900, 1000, 742, 74.2
sim_rand_901, 1000, 665, 66.5
sim_rand_902, 1000, 738, 73.8
sim_rand_903, 1000, 714, 71.39999999999999
sim_rand_904, 1000, 744, 74.4
sim_rand_905, 1000, 671, 67.10000000000001
sim_rand_906, 1000, 655, 65.5
sim_rand_907, 1000, 714, 71.39999999999999
sim_rand_908, 1000, 758, 75.8
sim_rand_909, 1000, 737, 73.7
sim_rand_910, 1000, 687, 68.7
sim_rand_911, 1000, 706, 70.6
sim_rand_912, 1000, 756, 75.6
sim_rand_913, 1000, 692, 69.19999999999999
sim_rand_914, 1000, 713, 71.3
sim_rand_915, 1000, 678, 67.80000000000001
sim_rand_916, 1000, 743, 74.3
sim_rand_917, 1000, 719, 71.89999999999999
sim_rand_918, 1000, 750, 75
sim_rand_919, 1000, 773, 77.3
sim_rand_920, 1000, 736, 73.6
sim_rand_921, 1000, 761, 76.1
sim_rand_922, 1000, 752, 75.2
sim_rand_923, 1000, 678, 67.80000000000001
sim_rand_924, 1000, 710, 71
sim_rand_925, 1000, 687, 68.7
sim_rand_926, 1000, 731, 73.1
sim_rand_927, 1000, 715, 71.5
sim_rand_928, 1000, 741, 74.1
sim_rand_929, 1000, 733, 73.3
sim_rand_930, 1000, 713, 71.3
sim_rand_931, 1000, 770, 77
sim_rand_932, 1000, 745, 74.5
sim_rand_933, 1000, 709, 70.89999999999999
sim_rand_934, 1000, 700, 70
sim_rand_935, 1000, 679, 67.9
sim_rand_936, 1000, 697, 69.69999999999999
sim_rand_937, 1000, 685, 68.5
sim_rand_938, 1000, 632, 63.2
sim_rand_939, 1000, 727, 72.7
sim_rand_940, 1000, 741, 74.1
sim_rand_941, 1000, 729, 72.89999999999999
sim_rand_942, 1000, 727, 72.7
sim_rand_943, 1000, 728, 72.8
sim_rand_944, 1000, 685, 68.5
sim_rand_945, 1000, 715, 71.5
sim_rand_946, 1000, 776, 77.60000000000001
sim_rand_947, 1000, 719, 71.89999999999999
sim_rand_948, 1000, 733, 73.3
sim_rand_949, 1000, 758, 75.8
sim_rand_950, 1000, 703, 70.3
sim_rand_951, 1000, 754, 75.4
sim_rand_952, 1000, 741, 74.1
sim_rand_953, 1000, 791, 79.10000000000001
sim_rand_954, 1000, 705, 70.5
sim_rand_955, 1000, 716, 71.6
sim_rand_956, 1000, 754, 75.4
sim_rand_957, 1000, 729, 72.89999999999999
sim_rand_958, 1000, 729, 72.89999999999999
sim_rand_959, 1000, 678, 67.80000000000001
sim_rand_960, 1000, 711, 71.1
sim_rand_961, 1000, 675, 67.5
sim_rand_962, 1000, 734, 73.4
sim_rand_963, 1000, 734, 73.4
sim_rand_964, 1000, 701, 70.1
sim_rand_965, 1000, 651, 65.10000000000001
sim_rand_966, 1000, 756, 75.6
sim_rand_967, 1000, 678, 67.80000000000001
sim_rand_968, 1000, 750, 75
sim_rand_969, 1000, 724, 72.39999999999999
sim_rand_970, 1000, 710, 71
sim_rand_971, 1000, 688, 68.8
sim_rand_972, 1000, 700, 70
sim_rand_973, 1000, 697, 69.69999999999999
sim_rand_974, 1000, 673, 67.30000000000001
sim_rand_975, 1000, 742, 74.2
sim_rand_976, 1000, 730, 73
sim_rand_977, 1000, 770, 77
sim_rand_978, 1000, 682, 68.2
sim_rand_979, 1000, 755, 75.5
sim_rand_980, 1000, 758, 75.8
sim_rand_981, 1000, 736, 73.6
sim_rand_982, 1000, 706, 70.6
sim_rand_983, 1000, 749, 74.9
sim_rand_984, 1000, 687, 68.7
sim_rand_985, 1000, 730, 73
sim_rand_986, 1000, 702, 70.19999999999999
sim_rand_987, 1000, 611, 61.1
sim_rand_988, 1000, 721, 72.1
sim_rand_989, 1000, 665, 66.5
sim_rand_990, 1000, 742, 74.2
sim_rand_991, 1000, 636, 63.6
sim_rand_992, 1000, 718, 71.8
sim_rand_993, 1000, 674, 67.4
sim_rand_994, 1000, 724, 72.39999999999999
sim_rand_995, 1000, 745, 74.5
sim_rand_996, 1000, 699, 69.89999999999999
sim_rand_997, 1000, 699, 69.89999999999999
sim_rand_998, 1000, 668, 66.8
sim_rand_999, 1000, 712, 71.2
sim_rand_1000, 1000, 739, 73.9
